0 0 0 277 232 400 0 120 272 0 420 300 310 420 0
225 0 401 184 311 471 421 287 225 268 228 441 411 320 0
401 411 0 203 431 283 441 217 421 258 401 330 411 253 0
237 134 273 0 0 0 0 278 0 0 0 0 367 0 0
222 431 461 0 0 272 260 197 456 288 406 426 416 280 0
400 401 233 0 242 0 438 247 438 250 438 340 320 368 0
0 0 0 0 0 0 0 0 0 0 0 0 0 0 0
0 411 411 0 220 408 0 182 408 250 418 300 300 320 0
150 257 217 278 177 277 182 0 428 230 408 418 300 328 0
282 225 411 0 406 408 408 408 0 258 265 225 401 250 0
0 218 248 0 278 280 250 250 218 0 275 230 0 0 0
400 218 411 0 406 408 408 408 255 255 0 310 350 250 0
330 411 330 0 406 380 350 408 225 280 280 0 401 330 0
330 411 411 307 406 330 330 330 411 0 380 411 0 390 0
400 300 253 0 250 328 350 328 280 0 280 380 380 0 0