0 40 45 0 0 0 0 0 50 55 0 0 65 70 85
40 0 45 55 45 70 70 45 40 50 0 0 45 45 70
45 45 0 0 65 0 75 55 50 55 0 40 70 70 80
0 0 0 0 0 0 0 0 0 0 0 0 0 0 0
0 45 65 0 0 0 0 0 70 70 0 60 60 65 0
0 0 0 0 0 0 0 0 0 0 0 0 0 0 0
0 70 75 0 0 0 0 0 85 90 0 75 65 55 0
0 45 55 0 0 0 0 0 70 70 0 0 65 60 55
50 40 50 0 70 0 90 70 0 45 70 45 55 70 95
55 50 55 0 70 0 90 70 45 0 0 40 60 70 90
0 0 0 0 0 0 0 0 70 0 0 0 65 55 0
0 0 40 0 60 0 75 0 45 40 0 0 60 60 75
65 45 70 0 60 0 65 65 55 60 65 60 0 50 75
70 45 70 0 65 0 55 60 70 70 55 60 50 0 75
85 70 80 0 0 0 0 55 95 90 0 75 75 75 0