0 15 70 55 30 0 0 15 82 70 15 30 60 75 50
35 0 43 28 0 58 52 67 38 47 0 34 28 43 86
47 47 0 38 0 71 86 52 82 38 0 33 82 96 75
47 48 38 0 0 58 0 47 34 44 0 33 47 66 75
38 77 0 0 0 0 0 39 86 0 0 57 52 0 48
0 77 71 38 0 0 0 0 38 60 0 76 81 0 0
0 57 71 76 0 0 0 0 66 66 0 57 43 39 44
29 67 52 73 39 0 0 0 51 52 20 68 72 52 58
52 38 52 34 76 39 66 66 0 43 52 52 52 52 0
52 47 38 39 0 57 66  57 43 0 0 38 57 66 0
39 34 0 0 0 0 0 20 57 0 0 43 50 47 0
58 34 48 33 71 76 66 67 75 58 47 0 52 61 85
57 38 72 57 0 76 53 62 57 67 57 67 0 29 76
67 76 95 95 29 0 38 57 95 110 0 86 81 67 0
67 76 95 95 29 0 38 57 95 110 0 86 81 67 0