0 300 540 660 380 0 0 140 660 400 800 600 600 300 1440
320 0 320 260 0 440 710 410 260 410 0 140 290 620 1040
560 320 0 410 740 1100 740 620 350 0 260 740 1040 1400 1000
680 260 410 0 0 1000 0 800 980 260 0 620 620 920 1460
380 0 0 0 0 0 0 200 1000 0 0 620 800 0 290
0 440 740 1000 0 0 0 0 110 0 0 200 500 260 260
0 710 1100 0 0 0 0 0 110 0 0 200 500 260 260
80 410 740 800 200 0 0 0 980 860 70 170 680 980 560
680 260 520 80 1100 110 110 980 0 380 800 500 560 980 1400
460 410 350 260 0 0 0 760 380 0 0 500 740 1160 1460
800 0 0 0 0 0 0 80 800 0 0 350 140 320 0
620 140 260 620 620 200 200 170 500 500 350 0 380 380 1040
620 290 740 620 800 500 680 560 740 140 380 0 260 940 200
350 620 1040 920 0 260 260 980 980 1160 320 380 260 0 620
1460 1040 1400 1460 290 260 260 560 1400 1460 0 1440 940 620 0