0 55 80 65 40 0 0 25 92 80 25 40 70 85 60
45 0 53 38 0 68 62 57 48 57 0 24 38 53 76
57 57 0 48 0 81 76 62 72 48 0 43 72 76 95
57 38 48 0 0 48 0 57 24 34 0 43 57 76 95
48 67 0 0 0 0 0 29 76 0 0 67 62 0 38
0 67 81 48 0 0 0 0 28 70 0 86 91 0 0
0 67 81 86 0 0 0 0 76 76 0 67 53 29 34
19 57 62 83 29 0 0 0 81 72 10 48 62 72 48
62 48 72 24 86 29 86 76 0 53 72 72 62 72 105
62 57 48 29 0 67 86  67 53 0 0 48 67 76 124
19 44 0 0 0 0 0 10 67 0 0 53 60 67 0
48 24 38 43 81 86 76 57 65 48 57 0 72 81 95
57 38 72 57 0 76 53 62 57 67 57 67 0 29 76
72 53 76 76 0 0 29 76 67 81 67 72 29 0 53
67 76 95 95 29 0 38 57 95 110 0 86 81 67 0